71.0
75.0
39.0
38.0
63.0
63.0
42.0
54.0
56.0
42.0
60.0
45.0
9.0
51.0
53.0
68.0
61.0
36.0
60.0
33.0
43.0
45.0
37.0
44.0
60.0
52.0
35.0
62.0
47.0
59.0
33.0
58.0
46.0
38.0
61.0
55.0
48.0
39.0
39.0
22.0
47.0
11.0
44.0
63.0
46.0
34.0
36.0
35.0
43.0
25.0
31.0
55.0
62.0
23.0
31.0
49.0
56.0
33.0
43.0
30.0
39.0
66.0
50.0
68.0
39.0
38.0
40.0
54.0
19.0
61.0
62.0
60.0
48.0
38.0
24.0
49.0
61.0
45.0
49.0
50.0
40.0
59.0
65.0
17.0
32.0
75.0
44.0
21.0
48.0
42.0
45.0
43.0
29.0
28.0
62.0
41.0
68.0
26.0
59.0
37.0
60.0
49.0
55.0
49.0
34.0
59.0
63.0
62.0
53.0
28.0
53.0
14.0
47.0
29.0
67.0
40.0
60.0
65.0
59.0
39.0
15.0
47.0
51.0
54.0
54.0
40.0
69.0
59.0
49.0
38.0
50.0
39.0
40.0
69.0
31.0
66.0
45.0
43.0
44.0
43.0
63.0
50.0
46.0
45.0
46.0
67.0
40.0
51.0
53.0
67.0
69.0
68.0
37.0
28.0
58.0
59.0
61.0
49.0
53.0
43.0
49.0
25.0
29.0
48.0
66.0
47.0
62.0
45.0
46.0
64.0
80.0
17.0
55.0
59.0
31.0
36.0
28.0
57.0
64.0
76.0
21.0
41.0
80.0
35.0
37.0
31.0
29.0
37.0
26.0
27.0
52.0
58.0
72.0
36.0
36.0
57.0
55.0
32.0
72.0
51.0
39.0
38.0
45.0
58.0
31.0
62.0
48.0
70.0
52.0
37.0
79.0
44.0
37.0
40.0
52.0
56.0
46.0
57.0
44.0
43.0
67.0
60.0
65.0
59.0
52.0
46.0
56.0
47.0
53.0
53.0
46.0
58.0
64.0
49.0
28.0
45.0
58.0
80.0
35.0
44.0
62.0
27.0
28.0
38.0
44.0
31.0
33.0
35.0
61.0
48.0
37.0
31.0
45.0
43.0
42.0
41.0
28.0
49.0
43.0
69.0
38.0
50.0
50.0
68.0
40.0
34.0
45.0
49.0
47.0
48.0
54.0
55.0
25.0
57.0
41.0
69.0
69.0
63.0
33.0
30.0
40.0
70.0
48.0
46.0
42.0
65.0
59.0
47.0
70.0
56.0
40.0
61.0
43.0
62.0
54.0
40.0
28.0
56.0
50.0
36.0
25.0
37.0
82.0
58.0
41.0
69.0
59.0
36.0
39.0
63.0
52.0
41.0
37.0
58.0
37.0
37.0
43.0
32.0
42.0
65.0
75.0
51.0
25.0
48.0
42.0
52.0
58.0
63.0
40.0
58.0
42.0
36.0
20.0
61.0
38.0
78.0
50.0
62.0
43.0
45.0
63.0
45.0
62.0
62.0
28.0
26.0
45.0
60.0
46.0
35.0
24.0
67.0
34.0
37.0
25.0
61.0
72.0
61.0
83.0
80.0
48.0
26.0
44.0
45.0
70.0
72.0
76.0
29.0
43.0
65.0
51.0
34.0
32.0
77.0
51.0
69.0
53.0
25.0
40.0
32.0
70.0
64.0
27.0
33.0
56.0
69.0
54.0
41.0
33.0
30.0
49.0
35.0
38.0
49.0
43.0
36.0
41.0
54.0
58.0
62.0
